[gd_scene load_steps=10 format=3 uid="uid://d3pet"]

[ext_resource type="Script" path="res://Main.cs" id="1_script"]

[sub_resource type="StandardMaterial3D" id="StandardMaterial3D_orange"]
albedo_color = Color(1, 0.69, 0.4, 1)

[sub_resource type="BoxMesh" id="BoxMesh_body"]
material = SubResource("StandardMaterial3D_orange")
size = Vector3(0.8, 0.6, 0.6)

[sub_resource type="PrismMesh" id="PrismMesh_ear"]
material = SubResource("StandardMaterial3D_orange")
size = Vector3(0.2, 0.3, 0.2)

[sub_resource type="StandardMaterial3D" id="StandardMaterial3D_dark"]
albedo_color = Color(0.11, 0.13, 0.19, 1)

[sub_resource type="SphereMesh" id="SphereMesh_eye"]
material = SubResource("StandardMaterial3D_dark")
radius = 0.04
height = 0.08

[sub_resource type="StandardMaterial3D" id="StandardMaterial3D_white"]
albedo_color = Color(1, 1, 1, 1)

[sub_resource type="BoxMesh" id="BoxMesh_paw"]
material = SubResource("StandardMaterial3D_white")
size = Vector3(0.18, 0.1, 0.25)

[sub_resource type="BoxMesh" id="BoxMesh_laptop"]
material = SubResource("StandardMaterial3D_dark")
size = Vector3(0.7, 0.05, 0.4)

[node name="Main" type="Node3D"]
script = ExtResource("1_script")

[node name="Camera3D" type="Camera3D" parent="."]
transform = Transform3D(1, 0, 0, 0, 0.939693, 0.34202, 0, -0.34202, 0.939693, 0, 1.2, 2.5)
current = true

[node name="DirectionalLight3D" type="DirectionalLight3D" parent="."]
transform = Transform3D(0.866025, -0.353553, 0.353553, 0, 0.707107, 0.707107, -0.5, -0.612372, 0.612372, 0, 3, 0)

[node name="CatBody" type="MeshInstance3D" parent="."]
transform = Transform3D(1, 0, 0, 0, 1, 0, 0, 0, 1, 0, 0.4, 0)
mesh = SubResource("BoxMesh_body")

[node name="LeftEar" type="MeshInstance3D" parent="CatBody"]
transform = Transform3D(0.866025, -0.5, 0, 0.5, 0.866025, 0, 0, 0, 1, -0.35, 0.45, 0)
mesh = SubResource("PrismMesh_ear")

[node name="RightEar" type="MeshInstance3D" parent="CatBody"]
transform = Transform3D(0.866025, 0.5, 0, -0.5, 0.866025, 0, 0, 0, 1, 0.35, 0.45, 0)
mesh = SubResource("PrismMesh_ear")

[node name="LeftEye" type="MeshInstance3D" parent="CatBody"]
transform = Transform3D(1, 0, 0, 0, 1, 0, 0, 0, 1, -0.15, 0.1, 0.31)
mesh = SubResource("SphereMesh_eye")

[node name="RightEye" type="MeshInstance3D" parent="CatBody"]
transform = Transform3D(1, 0, 0, 0, 1, 0, 0, 0, 1, 0.15, 0.1, 0.31)
mesh = SubResource("SphereMesh_eye")

[node name="LeftPaw" type="MeshInstance3D" parent="."]
transform = Transform3D(1, 0, 0, 0, 1, 0, 0, 0, 1, -0.3, 0.1, 0.4)
mesh = SubResource("BoxMesh_paw")

[node name="RightPaw" type="MeshInstance3D" parent="."]
transform = Transform3D(1, 0, 0, 0, 1, 0, 0, 0, 1, 0.3, 0.1, 0.4)
mesh = SubResource("BoxMesh_paw")

[node name="Laptop" type="MeshInstance3D" parent="."]
transform = Transform3D(1, 0, 0, 0, 0.965926, 0.258819, 0, -0.258819, 0.965926, 0, 0.15, 0.6)
mesh = SubResource("BoxMesh_laptop")
